SNP	CHR	BP	P
rs1000011	18	45855051	0.4579
rs1000031	18	46361441	0.6649
rs1000055	18	46581313	0.01607
rs1000501	18	43253100	0.2255
rs1000612	18	6931219	0.8509
rs1000779	18	30033036	0.006873
rs1000929	18	4005122	0.834
rs1001315	18	48268404	0.06349
rs1001483	18	43244358	0.546
rs1001683	18	35429570	0.003287
rs1001761	18	662103	0.2401
rs1002128	18	27670269	0.1062
rs1002129	18	27670629	0.705
rs1002225	18	50335132	0.4277
rs1002506	18	69156093	0.01463
rs1002507	18	69156206	0.01666
rs1002560	18	62433352	0.6002
rs1002845	18	47049461	0.3901
rs1003096	18	73504620	0.9273
rs1003097	18	73504389	0.933
rs1003421	18	8215650	0.504
rs1004132	18	50063027	0.7319
rs1004148	18	77188550	0.9939
rs1004254	18	72064441	0.1976
rs1004322	18	11516816	0.6533
rs1004403	18	45971139	0.5372
rs1004413	18	3042297	0.2866
rs1004426	18	45925582	0.6877
rs1004474	18	660383	0.4104
rs1004599	18	33396298	0.2572
rs1004751	18	46103577	0.09983
rs1004765	18	45274884	0.04283
rs1004812	18	45927168	0.3913
rs10048224	18	61399261	0.2283
rs10048228	18	29023539	0.0595
rs10048229	18	50895753	0.1777
rs10048231	18	38603242	0.6138
rs10048233	18	50351768	0.4905
rs10048234	18	74354046	0.2186
rs10048235	18	31254013	0.07466
rs10048237	18	74354284	0.3228
rs10048238	18	8158168	0.08973
rs10048239	18	11463720	0.6744
rs10048240	18	56442002	0.6098
rs10048241	18	43543239	0.2055
rs10048242	18	74354074	0.2103
rs10048246	18	29288265	0.222
rs10048248	18	20211943	0.09579
rs10048250	18	70385037	0.05987
rs10048252	18	20561181	0.4863
rs10048253	18	22631477	0.4614
rs10048259	18	75353303	0.6851
rs10048263	18	34892005	0.4928
rs10048265	18	55655731	0.9823
rs10048267	18	67276162	0.3127
rs10048268	18	64276633	0.8525
rs10048269	18	57713553	0.2342
rs10048271	18	73571497	0.6046
rs10048272	18	4955965	0.003956
rs10048273	18	61677048	0.006924
rs10048276	18	12591885	0.9187
rs10048277	18	51198163	0.9787
rs10048278	18	9821093	0.2432
rs10048279	18	69260474	0.6859
rs10048281	18	24058939	0.06072
rs10048285	18	29705709	0.8802
rs10048286	18	42034245	0.07549
rs10048289	18	46221997	0.1767
rs10048292	18	14556669	0.4528
rs10048294	18	52009976	0.4715
rs10048296	18	26970461	0.4081
rs10048300	18	42029836	0.01689
rs10048302	18	61384389	0.6597
rs10048305	18	29025949	0.1341
rs10048306	18	53654020	0.03257
rs10048308	18	63976779	0.8238
rs10048309	18	67601965	0.0967
rs10048311	18	49500742	0.01841
rs10048312	18	14231781	0.1826
rs10048315	18	11802302	0.009966
rs10048316	18	11802504	0.009784
rs10048319	18	29440461	0.7752
rs10048320	18	45959665	0.6432
rs10048321	18	51782775	0.7798
rs10048323	18	47204395	0.2938
rs10048324	18	72790753	0.5747
rs10048325	18	75599679	0.7119
rs10048327	18	3476302	0.4017
rs10048328	18	45961714	0.4865
rs10048329	18	29023625	0.1449
rs10048330	18	54576032	0.8877
rs10048334	18	59644294	0.009927
rs10048336	18	51200498	0.6269
rs10048337	18	51200600	0.5464
rs10048338	18	51200417	0.5329
rs10048339	18	1979056	0.9679
rs10048341	18	64539971	0.03445
rs10048342	18	61675025	0.007566
rs10048343	18	4252933	0.2264
rs10048348	18	29023943	0.1579
rs10048350	18	307648	0.3067
rs10048353	18	34891942	0.8456
rs10048355	18	61401654	0.813
rs10048360	18	4955628	0.01284
rs10048361	18	74354045	0.3782
rs10048362	18	29971934	0.8763
rs10048364	18	35005481	0.9975
rs10048367	18	44225893	0.01199
rs10048368	18	4253242	0.3702
rs10048369	18	69260440	0.5192
rs10048370	18	23739314	0.1184
rs10048371	18	69260566	0.6912
rs10048372	18	66936929	0.0186
rs10048373	18	67600383	0.4599
rs10048385	18	50593755	0.7593
rs10048386	18	3476133	0.3735
rs10048387	18	66912707	0.879
rs10048388	18	37908995	0.9493
rs10048389	18	41408181	0.9297
rs10048391	18	62253158	0.7071
rs10048392	18	59644267	0.009896
rs10048393	18	3476253	0.3759
rs10048394	18	62253228	0.6582
rs10048396	18	55020677	0.8337
rs10048398	18	6048710	0.2763
rs10048399	18	14231568	0.1307
rs10048400	18	61675050	0.008053
rs10048401	18	32746732	0.2241
rs10048404	18	54578482	0.3259
rs10048405	18	305737	0.2978
rs1004945	18	42380627	0.5653
rs1004961	18	620709	0.3404
rs1005015	18	55861880	0.2524
rs1005034	18	8216126	0.8532
rs1005035	18	8216298	0.6726
rs1005049	18	19816891	0.6638
rs1005223	18	1536812	0.5582
rs1005270	18	11750822	0.01439
rs1005419	18	54308996	0.6042
rs1005793	18	60890160	0.2826
rs1005930	18	10143877	0.1886
rs1005931	18	10145613	0.2342
rs1005966	18	48912549	0.06438
rs1006083	18	13441746	0.4148
rs1006200	18	73393583	0.02877
rs1006260	18	19058019	0.5606
rs1006264	18	50367369	0.07547
rs1006388	18	33291860	0.4698
rs1006395	18	76563971	0.9789
rs1006487	18	341466	0.5421
rs1006609	18	22114057	0.003222
rs1006731	18	10183037	0.4449
rs1006754	18	61631447	0.7463
rs1006755	18	61631046	0.5786
rs1006880	18	4269650	0.5011
rs1006881	18	18681293	0.227
rs1006961	18	61575232	0.4671
rs10070	18	44388899	0.000464
rs1007399	18	41371580	0.4254
rs1007441	18	39277644	0.1519
rs1007442	18	39277542	0.088
rs1007484	18	48143823	0.01616
rs1007642	18	50333285	0.4281
rs1007681	18	41657566	0.0961
rs1007779	18	28015411	0.2421
rs1007822	18	67555221	0.448
rs1007922	18	13438543	0.537
rs10083897	18	59620185	0.1775
rs10083898	18	59620193	0.06521
rs10083899	18	59620201	0.2455
rs10083900	18	77078872	0.9731
rs10083901	18	40275558	0.505
rs10083903	18	59650513	0.02274
rs10083905	18	47095420	0.02193
rs10083906	18	44935103	0.07732
rs10083907	18	62164404	0.9567
rs10083910	18	37931004	0.1501
rs10083913	18	44935435	0.07754
rs10083915	18	18700955	0.1622
rs10083917	18	31520135	0.3606
rs10083918	18	11940059	0.4462
rs10083919	18	72519390	0.002154
rs10083920	18	11940117	0.2798
rs10083921	18	43953079	0.8082
rs10083923	18	61608849	0.7328
rs10083926	18	10402789	0.224
rs10083927	18	10402879	0.2034
rs10083929	18	2618900	0.8558
rs10083932	18	53581718	0.256
rs10083934	18	60312133	0.07059
rs10083935	18	32154632	0.0224
rs10083936	18	38236831	0.1658
rs10083937	18	44695602	0.2673
rs10083939	18	50282057	0.172
rs10083941	18	50282122	0.1755
rs10083942	18	50464995	0.5469
rs10083945	18	2126828	0.3713
rs10083946	18	8088210	0.8333
rs10083950	18	29002839	0.3241
rs10083951	18	39928605	0.311
rs10083952	18	7073590	0.4495
rs10083955	18	50177154	0.3659
rs10083956	18	4829086	0.7175
rs10083959	18	2127005	0.28
rs10083961	18	62166391	0.7339
rs10083963	18	19315457	0.7716
rs10083964	18	8563411	0.7874
rs10083969	18	57297526	0.13
rs10083970	18	48542838	0.1756
rs10083971	18	1939073	0.3625
rs10083972	18	47414112	0.02151
rs10083976	18	11365074	0.2831
rs10083979	18	20537662	0.09949
rs10083980	18	77050060	0.1011
rs10083982	18	10189573	0.1871
rs10083983	18	55801429	0.9065
rs10083985	18	64575231	0.2024
rs10083987	18	39822151	0.7042
rs10083989	18	39822329	0.6872
rs10083990	18	69958278	0.016
rs10083993	18	22138949	0.5546
rs10083994	18	39822412	0.7068
rs10083995	18	37842576	0.9944
rs10083999	18	59648155	0.02052
rs10084001	18	64834649	0.2956
rs10084002	18	20656391	0.5441
rs10084003	18	20892368	0.9615
rs10084004	18	54977020	0.8462
rs10084005	18	60310293	0.5351
rs10084009	18	8088091	0.8336
rs10084010	18	29027745	0.1588
rs10084013	18	39823817	0.9657
rs10084015	18	18985653	0.5507
rs10084016	18	18659078	0.265
rs10084017	18	18988066	0.5891
rs10084025	18	54706411	0.1901
rs10084026	18	38236873	0.1658
rs10084027	18	38236750	0.1692
rs10084034	18	59716005	0.9634
rs10084037	18	54132644	0.1534
rs10084046	18	13330368	0.3743
rs10084050	18	28657553	0.06937
rs10084054	18	69647419	0.5352
rs10084055	18	58216122	0.3968
rs10084056	18	72028061	0.2546
rs10084057	18	37865924	0.8077
rs10084058	18	37866011	0.8055
rs10084060	18	64410881	0.9126
rs10084061	18	18985739	0.6192
rs10084062	18	69309900	0.7535
rs10084065	18	37896392	0.6229
rs10084066	18	69310097	0.2306
rs10084067	18	63414414	0.009476
rs10084069	18	65392024	0.7076
rs10084070	18	66915936	0.8764
rs10084072	18	70447239	0.6865
rs10084073	18	74184337	0.5666
rs10084076	18	38533110	0.6146
rs10084077	18	40274426	0.2408
rs10084078	18	62166285	0.8287
rs10084081	18	75105285	0.4259
rs10084082	18	60306617	0.426
rs10084086	18	55595424	0.9813
rs10084087	18	38291210	0.2011
rs10084088	18	70449560	0.6398
rs10084089	18	37896918	0.5038
rs10084092	18	67279724	0.398
rs10084093	18	59620115	0.006637
rs10084094	18	67279748	0.05812
rs10084096	18	14608515	0.5402
rs10084100	18	37867694	0.199
rs10084103	18	22229990	0.2648
rs10084106	18	65628485	0.168
rs10084107	18	3723330	0.1969
rs1008632	18	58869249	0.4927
rs100879	18	10354320	0.8823
rs1008854	18	25162200	0.8903
rs1008899	18	55862847	0.2951
rs1009020	18	37681908	0.1006
rs1009081	18	54922829	0.3554
rs1009134	18	75076053	0.5932
rs1009238	18	2000079	0.2558
rs1009239	18	1997381	0.2331
rs1009490	18	59133733	0.8942
rs1009588	18	21321715	0.1208
rs1009685	18	23041828	0.0003505
rs1009818	18	5184032	0.5327
rs1009819	18	11607450	0.2452
rs1010003	18	965990	0.7818
rs1010004	18	965946	0.8941
rs1010005	18	965933	0.9111
rs1010219	18	49409245	0.1044
rs1010237	18	65722477	0.4044
rs1010238	18	65722568	0.9497
rs1010248	18	61386394	0.6612
rs1010360	18	50928441	0.0015
rs1010444	18	66057032	0.5266
rs1010445	18	66059289	0.1942
rs1010454	18	50925580	0.0009276
rs1010557	18	76317739	0.7041
rs1010558	18	76317683	0.6593
rs1010559	18	76317644	0.6666
rs1010623	18	36678476	0.006949
rs1010800	18	20607820	0.06424
rs1010801	18	20607398	0.04473
rs1010810	18	19677934	0.6384
rs1010811	18	19677786	0.7656
rs1010909	18	45934993	0.47
rs1010923	18	13719291	0.2794
rs1010955	18	33710610	0.05118
rs1011076	18	45937817	0.4754
rs1011233	18	76315261	0.7435
rs1011234	18	76315372	0.7459
rs1011326	18	63394547	0.005682
rs1011339	18	52821063	2.228e-06
rs1011371	18	67181742	0.1466
rs1011392	18	53041903	0.2461
rs1011394	18	36203982	0.9121
rs1011420	18	46282982	0.3728
rs1011565	18	53186254	0.183
rs1011669	18	23198525	0.4605
rs1011876	18	71870123	0.9474
rs1011947	18	61344012	0.01442
rs1011955	18	75090883	0.27
rs1011977	18	64537931	0.6332
rs1012009	18	71852874	0.5523
rs101210	18	8334015	0.8783
rs1012115	18	70728023	0.2537
rs1012386	18	25831280	0.749
rs1012544	18	73681589	0.09882
rs1012652	18	61588402	0.5545
rs1012680	18	63642446	0.4132
rs1012681	18	63642449	0.1259
rs1012713	18	66782732	0.4754
rs1012754	18	67039023	0.01215
rs1012790	18	58706867	0.6302
rs1013270	18	71852403	0.5524
rs1013319	18	57201725	0.001222
rs1013320	18	57201696	0.2079
rs1013321	18	57201550	0.8328
rs1013459	18	11700534	0.04059
rs1013483	18	20253273	0.141
rs1013696	18	31420010	0.2325
rs1013727	18	72109428	0.2078
rs1013743	18	49487488	0.09556
rs1013748	18	73174828	0.3382
rs1013770	18	38875634	0.003033
rs1013785	18	10707434	0.9779
rs1013799	18	14934734	0.002503
rs1013833	18	34462214	0.6515
rs1013861	18	2205343	0.7285
rs1013862	18	2205051	0.803
rs1013987	18	22630836	0.03523
rs1014166	18	53725868	0.9233
rs1014209	18	49466036	0.2625
rs1014434	18	54867502	0.8505
rs1014435	18	54868090	0.8224
rs1014480	18	57223926	0.04658
rs1014683	18	63756489	0.3535
rs1014684	18	63756935	0.3524
rs1014704	18	1573695	0.8818
rs1014705	18	1574145	0.8883
rs1014782	18	45991258	0.1856
rs1014824	18	64667804	0.9769
rs1014825	18	64667846	0.4007
rs1015107	18	26120286	0.08188
rs1015228	18	9663136	0.855
rs1015305	18	69656283	0.4568
rs1015325	18	37316174	0.1903
rs10153319	18	11816556	0.00126
rs10153321	18	3176377	0.9475
rs10153322	18	49960407	0.2141
rs10153325	18	22284388	0.2018
rs10153326	18	68788893	0.2695
rs10153329	18	38174288	0.09535
rs10153331	18	7996074	0.02026
rs10153332	18	69593980	0.04203
rs10153334	18	43254375	0.075
rs10153335	18	50844822	0.9301
rs10153336	18	47831510	0.8142
rs10153338	18	57709086	0.541
rs10153339	18	57709177	0.5234
rs10153340	18	3064723	0.8321
rs10153347	18	9762896	0.1735
rs10153348	18	38171878	0.1019
rs10153349	18	70254564	0.05624
rs10153350	18	25841883	0.2993
rs10153351	18	19665939	0.9958
rs10153352	18	49958692	0.292
rs10153353	18	76531445	0.0542
rs10153354	18	10163676	0.7948
rs10153355	18	10163722	0.04454
rs10153356	18	41486563	0.258
rs10153357	18	2523728	0.3602
rs10153358	18	34334556	0.888
rs10153360	18	42766728	0.6514
rs10153362	18	42766722	0.6491
rs10153374	18	14727429	0.2873
rs10153376	18	54338842	0.6865
rs10153380	18	32471575	0.8673
rs10153382	18	70854305	0.4827
rs10153383	18	20362016	0.572
rs10153386	18	68615592	0.02991
rs10153387	18	20101270	0.7942
rs10153390	18	49960237	0.3493
rs10153392	18	68788861	0.2711
rs10153396	18	31433412	0.02709
rs10153397	18	22284326	0.2274
rs10153399	18	70899916	0.2531
rs10153402	18	73596588	0.6231
rs10153404	18	36123790	0.2966
rs10153405	18	41270672	0.3531
rs10153406	18	3173715	0.9645
rs10153407	18	3173873	0.3221
rs10153408	18	2523636	0.4527
rs10153409	18	2523639	0.3619
rs10153412	18	60435345	0.4274
rs10153413	18	3173744	0.9647
rs10153415	18	3173816	0.3207
rs10153418	18	74791866	0.01748
rs10153419	18	3064553	0.7752
rs10153421	18	29422659	0.8393
rs10153422	18	10163628	0.7595
rs10153424	18	36219404	0.1474
rs10153428	18	3174056	0.321
rs10153431	18	42766544	0.08492
rs10153432	18	1250879	0.4257
rs10153433	18	50073517	0.5245
rs10153434	18	22286444	0.2023
rs10153435	18	76529453	0.7648
rs10153440	18	7676728	0.3032
rs10153443	18	7935753	0.000144
rs10153444	18	75547999	0.8661
rs10153446	18	58273493	0.3777
rs1015416	18	61569383	0.5199
rs1015460	18	35896922	0.1744
rs1015591	18	55193212	0.1223
rs1015735	18	41623323	0.575
rs1015741	18	32117951	0.0342
rs1015770	18	66021981	0.04726
rs1015820	18	74896814	0.7505
rs1015847	18	25743967	0.997
rs1015966	18	31417840	0.2846
rs1016188	18	7934001	0.002398
rs1016330	18	63679198	0.4351
rs10163528	18	41266577	0.4063
rs10163529	18	37920543	0.2446
rs10163531	18	30162829	0.2175
rs10163532	18	29111449	0.7547
rs10163535	18	50300067	0.1318
rs10163536	18	9319793	0.5956
rs10163538	18	70772809	0.5523
rs10163540	18	8142163	0.09135
rs10163549	18	54478637	0.4424
rs10163550	18	11445610	0.5999
rs10163551	18	42777064	0.1349
rs10163556	18	55392786	0.519
rs10163557	18	37880746	0.9932
rs10163558	18	65521484	0.2396
rs10163561	18	53651177	0.02716
rs10163564	18	67913824	0.04862
rs10163567	18	71004001	0.587
rs10163572	18	57169250	0.6483
rs10163573	18	41661592	0.4536
rs10163575	18	41661406	0.08917
rs10163577	18	25807705	0.7716
rs10163578	18	31062574	0.001838
rs10163579	18	20070887	0.2682
rs10163580	18	72100196	0.6753
rs10163586	18	31062758	0.6082
rs10163587	18	40279435	0.9257
rs10163590	18	45101747	0.1509
rs10163592	18	8945871	0.7753
rs10163593	18	45101812	0.5585
rs10163594	18	69104267	0.3398
rs10163595	18	75457756	0.7629
rs10163603	18	20413586	0.574
rs10163609	18	13171163	0.0684
rs1016360	18	51463462	0.8141
rs10163610	18	45932358	0.1152
rs1016361	18	51464489	0.8146
rs10163624	18	59408547	0.424
rs10163625	18	21699237	0.6615
rs10163628	18	21699508	0.9074
rs10163631	18	49037218	0.4312
rs10163633	18	44818151	0.1136
rs10163634	18	71004196	0.311
rs10163636	18	35358307	0.3451
rs10163638	18	35358310	0.3452
rs10163641	18	68856954	0.3703
rs10163643	18	64892175	0.7889
rs10163646	18	41936500	0.5711
rs10163647	18	71004341	0.3166
rs10163649	18	25807738	0.7054
rs10163652	18	22942497	0.6383
rs10163656	18	50919371	0.6029
rs10163657	18	44181227	0.0008108
rs10163658	18	950070	0.733
rs10163659	18	50919434	0.0007634
rs10163661	18	20064102	0.7681
rs10163662	18	27071900	0.08954
rs10163663	18	2170600	0.2051
rs10163664	18	69800802	0.4166
rs10163665	18	19518042	0.06594
rs10163674	18	50229634	0.06139
rs10163677	18	2392819	0.6279
rs1016367	18	62648315	0.001992
rs10163680	18	41940637	0.4373
rs10163681	18	45102280	0.1301
rs10163682	18	40701725	0.5851
rs10163683	18	54856602	0.7693
rs10163684	18	67400139	0.2948
rs10163685	18	45042222	0.9228
rs10163687	18	6068093	0.7646
rs10163691	18	57388443	0.4999
rs10163692	18	34033636	0.9648
rs10163694	18	50920910	0.0007574
rs10163696	18	49921834	0.7903
rs10163697	18	57388538	0.635
rs10163698	18	72907278	0.6399
rs10163703	18	40229543	0.1086
rs10163706	18	48976123	0.9472
rs10163707	18	21881090	0.5121
rs10163708	18	41870557	0.3002
rs10163710	18	13948664	0.7781
rs10163711	18	13948684	0.6098
rs10163713	18	40222797	0.1
rs10163715	18	31185696	0.8557
rs10163716	18	10732130	0.2418
rs10163717	18	28518725	1.599e-05
rs10163718	18	26189067	0.851
rs10163720	18	50712075	0.809
rs10163721	18	35692074	0.1116
rs10163723	18	19423695	0.8728
rs10163725	18	23198706	0.6186
rs10163726	18	61597738	0.7605
rs10163727	18	43942067	0.6598
rs10163728	18	19048220	0.7321
rs10163729	18	38459582	0.4788
rs10163732	18	19540467	0.1115
rs10163734	18	13517434	0.6497
rs10163736	18	65732597	0.2107
rs10163739	18	72470629	0.00314
rs10163741	18	52294195	0.5417
rs10163742	18	74214687	0.2751
rs10163743	18	5241517	0.07455
rs10163744	18	25046875	0.1809
rs10163745	18	59150601	0.6824
rs10163748	18	41222780	0.7094
rs10163749	18	47711312	0.7727
rs10163750	18	37875222	0.5405
rs10163754	18	2817052	0.5799
rs10163755	18	28985376	0.04551
rs10163756	18	38325874	0.76
rs10163758	18	57369204	0.06368
rs10163762	18	60001261	0.02923
rs10163763	18	8300216	0.5272
rs10163764	18	27093714	0.09877
rs10163769	18	31160995	0.1427
rs10163772	18	61755249	0.6608
rs10163776	18	77766298	0.1207
rs10163780	18	63356749	0.03605
rs10163781	18	47715498	0.1765
rs10163784	18	71005976	0.3001
rs10163785	18	71990033	0.4582
rs10163787	18	3803733	0.792
rs10163789	18	48495362	0.4637
rs10163798	18	2311572	0.9195
rs10163801	18	9542084	0.1742
rs10163803	18	75133579	0.452
rs10163806	18	54476936	0.5033
rs10163808	18	74237615	0.3896
rs10163809	18	61129765	0.5504
rs10163810	18	60001849	0.03123
rs10163816	18	37921672	0.893
rs10163817	18	5362994	0.9797
rs10163818	18	3847600	0.4412
rs10163819	18	47073386	0.6615
rs10163820	18	64487190	0.944
rs10163821	18	45010343	0.03018
rs10163829	18	67152182	0.6957
rs10163830	18	52758440	0.04484
rs10163836	18	50956266	0.001684
rs10163837	18	50956241	0.001655
rs10163838	18	50956294	0.001679
rs10163840	18	39162137	0.005109
rs10163842	18	50956593	0.001672
rs10163845	18	70532977	0.7701
rs10163846	18	33982078	0.8921
rs10163847	18	50956663	0.001672
rs10163851	18	27094017	0.09791
rs10163853	18	39424167	0.6584
rs10163855	18	66970088	0.1861
rs10163857	18	64003810	0.2544
rs10163858	18	40208183	0.2171
rs10163859	18	56274075	0.06287
rs10163861	18	44820214	0.2414
rs10163862	18	5184449	0.2427
rs10163864	18	33982099	0.4598
rs10163867	18	40208272	0.4817
rs10163870	18	40208139	0.1316
rs10163872	18	43466485	0.924
rs10163879	18	44820274	0.7781
rs10163880	18	53961024	0.1513
rs10163884	18	46511939	0.5609
rs10163886	18	61129647	0.4416
rs10163887	18	68515240	0.3764
rs10163891	18	58349534	0.5548
rs10163892	18	40585264	0.598
rs10163897	18	58261799	0.3753
rs10163898	18	74891857	0.4559
rs10163900	18	59815017	0.32
rs10163902	18	58261902	0.3807
rs10163904	18	61139211	0.3616
rs10163905	18	8302207	0.8307
rs10163911	18	72909097	0.6274
rs10163914	18	69104102	0.4215
rs10163918	18	61875586	0.7012
rs10163920	18	33759196	0.02625
rs10163921	18	41300266	0.6071
rs10163922	18	42010989	0.1579
rs10163925	18	41300182	0.5741
rs10163926	18	50956944	0.001685
rs10163928	18	65588370	0.2446
rs10163929	18	31062472	0.004036
rs10163932	18	25048236	0.1354
rs10163933	18	58191598	0.3462
rs10163935	18	25807704	0.8776
rs10163937	18	70651524	0.5086
rs10163940	18	67597333	0.4722
rs10163941	18	65521469	0.2397
rs10163943	18	37917709	0.8365
rs10163945	18	32196636	0.05516
rs10163961	18	23927041	0.6056
rs10163963	18	52264011	0.7423
rs10163967	18	64777678	0.5277
rs10163968	18	1539959	0.7871
rs10163969	18	9067439	0.3842
rs10163970	18	72079681	0.0254
rs10163971	18	41870915	0.657
rs10163976	18	69104314	0.7046
rs10163977	18	41935966	0.8855
rs10163978	18	35357932	0.3203
rs10163979	18	27479032	0.002954
rs10163980	18	50639048	0.9296
rs10163981	18	51246517	0.5812
rs10163984	18	2461448	0.08068
rs10163989	18	68810557	0.8953
rs10163991	18	68810574	0.8635
rs10163994	18	62122732	0.3839
rs10163995	18	70773223	0.5497
rs10163996	18	76033320	0.8724
rs10164000	18	68810828	0.6512
rs10164004	18	75160469	0.5714
rs10164005	18	68810715	0.8297
rs10164006	18	65159862	0.192
rs10164009	18	2461960	0.1073
rs10164019	18	2170307	0.5376
rs10164020	18	51373181	0.07745
rs10164021	18	27171807	0.3953
rs10164022	18	33346738	0.4392
rs10164025	18	33346856	0.5149
rs10164026	18	24422326	0.7295
rs10164027	18	52812956	0.9455
rs10164029	18	70832017	0.6302
rs10164030	18	51373602	0.08655
rs10164032	18	21666390	0.7389
rs10164033	18	2311242	0.8594
rs10164035	18	69573358	0.03752
rs10164036	18	2311378	0.6898
rs10164040	18	44818332	0.3073
rs10164043	18	48976071	0.8715
rs10164044	18	23911982	0.3381
rs10164049	18	50921268	0.0009481
rs10164052	18	50919587	0.0007606
rs10164054	18	50921299	0.001838
rs10164055	18	50919600	0.0001547
rs10164056	18	41940299	0.1043
rs10164058	18	26735235	0.2823
rs10164064	18	48976767	0.6145
rs10164065	18	1746421	0.08548
rs10164067	18	46614602	0.0006413
rs10164071	18	45102288	0.5521
rs10164072	18	22916429	0.7839
rs10164075	18	72866273	0.2093
rs10164076	18	41407589	0.9132
rs10164077	18	28908915	0.7793
rs10164078	18	42155773	0.02436
rs10164079	18	41222578	0.7245
rs10164080	18	56284903	0.8044
rs10164084	18	66775112	0.7186
rs10164091	18	19401753	0.2331
rs10164097	18	2384263	0.2413
rs10164099	18	34690744	0.4449
rs10164103	18	65419274	0.4107
rs10164105	18	41268239	0.3907
rs10164106	18	33347055	0.7703
rs10164108	18	44532455	0.002017
rs10164110	18	33194536	0.4924
rs10164112	18	51881380	0.6271
rs10164115	18	38459272	0.8706
rs10164117	18	69857463	0.5978
rs10164118	18	7885105	0.5286
rs10164129	18	10347482	0.8149
rs10164131	18	3039627	0.3738
rs10164135	18	51671943	0.3329
rs10164138	18	9318263	0.5935
rs10164139	18	59814890	0.2033
rs10164141	18	22942495	0.651
rs10164143	18	54477398	0.4575
rs10164144	18	14595399	0.9558
rs10164149	18	61130090	0.4602
rs10164150	18	52597905	0.8521
rs10164152	18	13595306	0.5732
rs10164153	18	66766705	0.7886
rs10164156	18	11444078	0.4696
rs10164157	18	62630036	0.8183
rs10164158	18	66766874	0.7462
rs10164159	18	52031405	0.5019
rs10164161	18	61129734	0.447
rs10164166	18	11775205	0.00523
rs10164167	18	29605469	0.916
rs10164170	18	71989909	0.5874
rs10164171	18	61129895	0.4395
rs10164172	18	61129899	0.4386
rs10164175	18	65716028	0.9566
rs10164176	18	44819849	0.468
rs10164177	18	64960670	0.9271
rs10164178	18	40214488	0.1143
rs10164183	18	47715478	0.1846
rs10164184	18	11444597	0.4757
rs10164187	18	26663407	0.4756
rs10164188	18	11444650	0.465
rs10164189	18	42010848	0.0385
rs10164193	18	31161426	0.1596
rs10164194	18	12395240	0.2784
rs10164195	18	53026079	6.487e-05
rs10164196	18	47715767	0.1867
rs10164197	18	75499104	0.1523
rs10164200	18	6977719	0.4788
rs10164203	18	71028256	0.2085
rs10164204	18	19262829	0.8305
rs10164207	18	33925755	0.7729
rs10164209	18	24982471	0.4584
rs10164210	18	37483075	0.4871
rs10164212	18	7995095	0.01436
rs10164214	18	39424230	0.6738
rs10164215	18	39424243	0.3615
rs10164216	18	62489443	0.8272
rs10164217	18	62489637	0.7277
rs10164220	18	69445056	0.7524
rs10164221	18	1236231	0.1745
rs10164223	18	69445133	0.7668
rs10164224	18	39424302	0.6561
rs10164225	18	64177559	0.002159
rs10164227	18	62489520	0.8274
rs10164228	18	75499209	0.1158
rs10164233	18	34515576	0.748
rs10164234	18	7004307	0.7403
rs10164236	18	19549983	0.9906
rs10164237	18	62489696	0.8297
rs10164239	18	47073472	0.9515
rs10164240	18	60944538	0.9457
rs10164241	18	74891696	0.4534
rs10164242	18	59674694	0.02095
rs10164243	18	53650946	0.1133
rs10164246	18	50956148	0.00374
rs10164253	18	18548293	0.6386
rs10164254	18	77766322	0.09269
rs10164255	18	70532840	0.6371
rs10164257	18	37919977	0.2429
rs1016425	18	64524728	0.5804
rs10164260	18	29060053	0.06648
rs10164262	18	56365584	0.2409
rs10164263	18	26903650	0.8457
rs10164267	18	44820032	0.2625
rs10164268	18	50299920	0.1039
rs10164269	18	41266460	0.4118
rs10164271	18	21661208	0.7124
rs1016442	18	65712895	0.9089
rs1016443	18	65713142	0.9862
rs1016477	18	53874123	0.01393
rs1016529	18	56774996	0.252
rs1016562	18	47143979	0.9214
rs1016563	18	47143893	0.1575
rs1016717	18	34251880	0.3929
rs1016718	18	34251815	0.9841
rs1016860	18	60795074	0.3389
rs1017170	18	63722134	0.4843
rs1017250	18	53688583	0.8402
rs1017251	18	53688900	0.8695
rs1017252	18	53689019	0.8798
rs1017253	18	53692616	0.8999
rs1017254	18	53692696	0.995
rs1017284	18	72081635	0.7458
rs1017356	18	36914126	0.2816
rs1017357	18	36892624	0.1147
rs1017414	18	24405600	0.951
rs1017415	18	24363110	0.1471
rs1017416	18	24362951	0.178
rs1017426	18	67406840	0.308
rs1017544	18	37327922	0.7438
rs1017622	18	52359596	0.01214
rs1017744	18	73527405	0.8408
rs1017745	18	73527636	0.05897
rs1017746	18	73528143	0.8714
rs1017747	18	73528162	0.07935
rs1017748	18	73528556	0.1616
rs1017780	18	44242245	0.5973
rs1017781	18	44242505	0.641
rs1017796	18	58399470	0.4696
rs1017797	18	58345345	0.5486
rs1017798	18	58345724	0.3014
rs1017838	18	18826139	0.1951
rs1017839	18	18826412	0.1945
rs1017847	18	46283966	0.5982
rs1017860	18	77172206	0.02977
rs1018169	18	69490771	0.7034
rs1018196	18	1442024	0.5549
rs1018197	18	1441750	0.7282
rs1018230	18	1927798	0.3597
rs1018304	18	26768402	0.0667
rs1018339	18	20237368	0.7107
rs1019384	18	58728361	0.411
rs101940	18	44168254	0.001026
rs101941	18	44168443	0.0004438
rs1019431	18	62023321	0.1957
rs1019433	18	62023881	0.07646
rs1019434	18	62024067	0.1903
rs1019435	18	62024327	0.4274
rs1019437	18	62011634	0.6282
rs1019438	18	62011537	0.01087
rs1019674	18	58784704	0.6713
rs1019839	18	12504685	0.128
rs1019840	18	12504482	0.138
rs1019871	18	66705222	0.5247
rs1019872	18	66705215	0.5045
rs1019977	18	19003906	0.59
rs1019989	18	44903080	0.61
rs1019990	18	44866736	0.7529
rs1020045	18	6410927	0.09398
rs1020051	18	38203790	0.1353
rs1020077	18	48122517	0.008688
rs1020139	18	36338592	0.1853
rs1020161	18	67978856	0.9759
rs1020164	18	68069850	0.2322
rs1020294	18	12017343	0.413
rs1020301	18	3426724	0.3806
rs1020303	18	49888342	0.6151
rs1020477	18	24363694	0.216
rs1020568	18	44076950	0.8384
rs1020637	18	1668545	0.3783
rs1020656	18	69073360	0.2734
rs1020693	18	61264468	0.2446
rs1020694	18	61264298	0.1631
rs10207	18	10551782	0.2882
rs1020838	18	28989232	0.01329
rs1020839	18	28989674	0.3891
rs1020869	18	39807557	0.008488
rs1020913	18	4402356	0.4503
rs1020914	18	4403427	0.3646
rs1021039	18	32347715	0.9442
rs10210	18	20838286	0.8153
rs1021134	18	37109421	0.9841
rs1021320	18	64452522	0.029
rs1021321	18	64452701	0.04805
rs1021598	18	30215152	0.1714
rs1021599	18	30215056	0.1698
rs1021907	18	75991787	0.2648
rs1021908	18	75992452	0.7162
rs1021909	18	75992457	0.7226
rs1021910	18	75992724	0.6712
rs1021946	18	75607548	0.56
rs1021997	18	73721453	0.9051
rs1022093	18	45158493	0.9497
rs10221283	18	14107684	0.2118
rs10221288	18	18774267	0.2428
rs10221291	18	61928974	0.5554
rs10221294	18	61929049	0.2997
rs10221299	18	75228870	0.07277
rs10221300	18	56408697	0.8742
rs10221304	18	72381941	0.002421
rs10221305	18	75235819	0.5094
rs10221307	18	30818398	0.3592
rs10221315	18	39669185	0.2107
rs10221323	18	29535233	0.4937
rs10221326	18	13036034	0.941
rs10221327	18	3165802	0.7094
rs10221329	18	39203393	0.01023
rs10221332	18	75792407	0.2298
rs10221334	18	75236437	0.6626
rs10221343	18	74689964	0.6189
rs10221346	18	45229169	0.9851
rs10221349	18	223185	0.1256
rs10221351	18	47414145	0.02068
rs10221357	18	52905525	0.6745
rs10221359	18	68085481	0.5268
rs10221362	18	52895657	0.3823
rs10221365	18	56896679	0.4291
rs10221367	18	70946686	0.9374
rs10221370	18	13709576	0.3658
rs10221371	18	50726294	0.008759
rs10221372	18	50726297	0.7663
rs10221379	18	31652101	0.0003313
rs10221380	18	31652110	0.0003754
rs10221384	18	13035831	0.3791
rs10221388	18	57687887	0.04273
rs10221389	18	2356895	0.009152
rs10221390	18	64565027	0.006182
rs10221392	18	28105009	0.674
rs10221393	18	8289441	0.4142
rs10221398	18	30818393	0.3671
rs10221399	18	63619563	0.4179
rs10221400	18	56917846	0.1699
rs10221403	18	56917975	0.1726
rs10221410	18	5605989	0.9941
rs10221412	18	50724472	0.0001379
rs10221413	18	50724477	0.8462
rs10221415	18	13927927	0.6952
rs10221416	18	74785710	0.008446
rs10221419	18	7658679	0.1411
rs10221421	18	56918258	0.1756
rs10221422	18	56918480	0.1604
rs10221425	18	56317005	0.4958
rs10221429	18	24772625	0.1664
rs10221434	18	24016157	0.4949
rs10221436	18	3165964	0.6213
rs10221437	18	23737879	0.337
rs10221438	18	24016649	0.4178
rs10221443	18	27204401	0.5993
rs10221444	18	66147908	0.6548
rs10221445	18	30820815	0.3813
rs10221446	18	6603675	0.9218
rs1022177	18	1046304	0.9644
rs1022409	18	75357361	0.3349
rs1023689	18	71443454	0.5507
rs1023690	18	71443443	0.5365
rs1023744	18	67484495	0.6621
rs1023868	18	9738476	0.5882
rs1023869	18	9738389	0.3457
rs1023870	18	9738261	0.3468
rs1023898	18	73495933	0.6401
rs1023943	18	46170879	0.4324
rs1023944	18	46170900	0.5025
rs1024116	18	75432386	0.3855
rs1024877	18	25174520	0.5366
rs1024899	18	42996791	0.8915
rs1024906	18	71908800	0.6153
rs1024907	18	71907890	0.5436
rs1024908	18	71907776	0.1287
rs1024929	18	61938753	0.2519
rs1024930	18	61939078	0.2519
rs1024931	18	61939433	0.2517
rs1024932	18	61939613	0.2502
rs1024933	18	61939702	0.117
rs1024934	18	61995848	0.09412
rs1025099	18	51344269	0.2288
rs1025100	18	51343976	0.2346
rs1025196	18	61557670	0.5035
rs1025205	18	36126242	0.7859
rs1025206	18	36125658	0.4592
rs1025208	18	36111600	0.2775
rs1025366	18	24414687	0.9242
rs1025387	18	12483349	0.5368
rs1025417	18	73794199	0.1007
rs1025423	18	59738065	0.01223
rs1025439	18	39419913	0.6812
rs1025440	18	39450864	0.4645
rs1025441	18	39450736	0.528
rs1025442	18	39450684	0.5737
rs1025443	18	39379699	0.7489
rs1025450	18	49109894	0.1937
rs1025535	18	37967083	0.1334
rs1025562	18	44739977	0.2505
rs1025563	18	44740003	0.05443
rs1025601	18	73056278	0.1476
rs1025602	18	73056913	0.1696
rs1025603	18	73057080	0.5032
rs1025655	18	24596211	0.05535
rs1025683	18	48127570	0.0121
rs1025686	18	48147127	0.0151
rs1025687	18	48147793	0.9214
rs1025688	18	48147876	0.9184
rs1025762	18	1821145	0.0009857
rs1025763	18	1820967	0.0007049
rs1025764	18	1773002	0.7124
rs1025804	18	53026402	0.7765
rs1025807	18	62452447	0.9254
rs1025854	18	51093392	0.7335
rs1025855	18	51182579	0.919
rs1025862	18	3996507	0.0196
rs1025881	18	28088549	0.648
rs1025882	18	28088510	0.6428
rs1025892	18	69855245	0.5299
rs1025895	18	18941899	0.254
rs1025896	18	18942583	0.2432
rs1025912	18	42489937	0.009158
rs1026122	18	29206833	0.3003
rs1026123	18	29207155	0.01943
rs1026171	18	74896865	0.6176
